89 57 1
45 23 1
29 68 -1
11 0 1
55 51 1
75 51 1
83 17 1
70 56 1
12 86 -1
25 97 -1
19 87 -1
67 67 1
86 99 -1
21 68 -1
95 82 1
30 45 -1
32 56 -1
40 13 1
63 61 1
22 45 -1
94 88 1
40 56 -1
51 77 -1
94 25 1
2 42 -1
85 15 1
43 24 1
87 85 1
36 14 1
93 24 1
79 3 1
60 30 1
87 60 1
1 18 -1
67 40 1
59 0 1
43 60 -1
79 34 1
97 54 1
94 56 1
49 61 -1
5 57 -1
17 6 1
42 11 1
8 8 -1
47 15 1
90 55 1
31 99 -1
24 33 -1
15 59 -1
62 98 -1
28 42 -1
19 56 -1
27 46 -1
5 90 -1
15 42 -1
49 62 -1
25 3 1
43 24 1
86 64 1
55 27 1
98 4 1
69 77 -1
13 49 -1
28 56 -1
84 32 1
78 40 1
6 42 -1
76 100 -1
56 61 -1
7 72 -1
33 48 -1
51 38 1
92 50 1
63 92 -1
76 18 1
44 97 -1
74 36 1
21 36 -1
36 1 1
33 33 -1
82 35 1
1 36 -1
13 2 1
0 69 -1
3 90 -1
24 51 -1
84 14 1
54 21 1
79 59 1
95 56 1
45 87 -1
35 56 -1
92 5 1
55 12 1
74 25 1
84 15 1
34 40 -1
68 36 1
5 12 -1
